external linkonce time
100 100 23
100 200 23
100 300 25
100 400 27
100 500 27
100 600 28
100 700 28
100 800 29
100 900 30
100 1000 32
200 100 21
200 200 22
200 300 23
200 400 24
200 500 26
200 600 25
200 700 26
200 800 27
200 900 27
200 1000 28
300 100 23
300 200 24
300 300 23
300 400 25
300 500 26
300 600 25
300 700 26
300 800 27
300 900 27
300 1000 28
400 100 23
400 200 25
400 300 25
400 400 26
400 500 26
400 600 26
400 700 27
400 800 27
400 900 27
400 1000 28
500 100 26
500 200 26
500 300 25
500 400 26
500 500 28
500 600 27
500 700 26
500 800 27
500 900 28
500 1000 30
600 100 26
600 200 27
600 300 26
600 400 27
600 500 27
600 600 29
600 700 28
600 800 28
600 900 28
600 1000 29
700 100 27
700 200 27
700 300 27
700 400 28
700 500 29
700 600 28
700 700 28
700 800 30
700 900 29
700 1000 30
800 100 28
800 200 27
800 300 28
800 400 28
800 500 29
800 600 29
800 700 30
800 800 30
800 900 30
800 1000 30
900 100 31
900 200 31
900 300 30
900 400 30
900 500 30
900 600 31
900 700 31
900 800 31
900 900 30
900 1000 30
1000 100 30
1000 200 31
1000 300 30
1000 400 32
1000 500 30
1000 600 31
1000 700 32
1000 800 32
1000 900 32
1000 1000 33
