external linkonce time
100 100 9
100 200 8
100 300 9
100 400 9
100 500 10
100 600 10
100 700 10
100 800 11
100 900 11
100 1000 11
200 100 9
200 200 9
200 300 10
200 400 9
200 500 10
200 600 10
200 700 13
200 800 12
200 900 12
200 1000 12
300 100 10
300 200 10
300 300 11
300 400 11
300 500 11
300 600 11
300 700 12
300 800 13
300 900 12
300 1000 12
400 100 10
400 200 10
400 300 11
400 400 11
400 500 12
400 600 12
400 700 12
400 800 12
400 900 13
400 1000 13
500 100 11
500 200 11
500 300 11
500 400 12
500 500 13
500 600 13
500 700 13
500 800 13
500 900 13
500 1000 14
600 100 11
600 200 12
600 300 13
600 400 13
600 500 13
600 600 14
600 700 14
600 800 13
600 900 15
600 1000 15
700 100 12
700 200 13
700 300 13
700 400 14
700 500 14
700 600 14
700 700 15
700 800 14
700 900 15
700 1000 15
800 100 13
800 200 14
800 300 14
800 400 14
800 500 14
800 600 15
800 700 16
800 800 16
800 900 16
800 1000 18
900 100 14
900 200 15
900 300 14
900 400 16
900 500 16
900 600 16
900 700 17
900 800 16
900 900 17
900 1000 17
1000 100 15
1000 200 15
1000 300 16
1000 400 17
1000 500 16
1000 600 17
1000 700 17
1000 800 19
1000 900 18
1000 1000 18
